0,487
158,4
158,3
158,2
158,1
158,0
157,4
157,3
157,2
157,1
157,0
156,6
156,5
156,4
156,3
156,2
156,1
156,0
124,3
124,2
124,1
124,0
119,4
119,3
119,2
119,1
119,0
117,4
117,3
117,2
117,1
117,0
114,4
114,3
114,2
114,1
114,0
113,3
113,2
113,1
113,0
111,3
111,2
111,1
111,0
110,5
110,4
110,3
110,2
110,1
110,0
107,6
107,5
107,4
107,3
107,2
107,1
107,0
105,6
105,5
105,4
105,3
105,2
105,1
98,5
98,3
98,1
94,4
94,3
94,1
91,3
91,1
20,3
20,2
20,1
19,3
19,2
19,1
14,4
12,3
12,2
12,1
11,3
11,2
11,1
10,3
10,2
10,1
9,3
9,2
9,1
8,3
8,2
8,1
3,3
3,2
3,1
0,475
0,408
0,273
0,270
18,1
18,3
14,1
14,5
14,3
13,1
13,3
2,2
2,1
